{
  "accessors": [
    {
      "bufferView": 2,
      "componentType": 5126,
      "count": 2971,
      "max": [
        -2608.298095703125,
        -1364.656494140625,
        -21114.64453125
      ],
      "min": [
        -2619.426025390625,
        -1375.6300048828125,
        -21117.55078125
      ],
      "type": "VEC3"
    },
    {
      "bufferView": 2,
      "byteOffset": 35652,
      "componentType": 5126,
      "count": 2971,
      "max": [
        0.8716610074043274,
        0.9951732158660889,
        0.12155508249998093
      ],
      "min": [
        -0.9553807973861694,
        -0.9979599714279175,
        -0.9997829794883728
      ],
      "type": "VEC3"
    },
    {
      "bufferView": 1,
      "componentType": 5126,
      "count": 2971,
      "max": [
        0.0,
        0.0
      ],
      "min": [
        0.0,
        0.0
      ],
      "type": "VEC2"
    },
    {
      "bufferView": 0,
      "componentType": 5125,
      "count": 16140,
      "type": "SCALAR"
    },
    {
      "bufferView": 2,
      "byteOffset": 71304,
      "componentType": 5126,
      "count": 65532,
      "max": [
        -2607.195068359375,
        -1363.060302734375,
        -21102.77734375
      ],
      "min": [
        -2617.857666015625,
        -1376.4178466796875,
        -21117.2421875
      ],
      "type": "VEC3"
    },
    {
      "bufferView": 2,
      "byteOffset": 857688,
      "componentType": 5126,
      "count": 65532,
      "max": [
        0.9999995827674866,
        0.9998849630355835,
        0.9999980330467224
      ],
      "min": [
        -0.9999991059303284,
        -0.999992311000824,
        -0.9955329895019531
      ],
      "type": "VEC3"
    },
    {
      "bufferView": 1,
      "byteOffset": 23768,
      "componentType": 5126,
      "count": 65532,
      "max": [
        0.9989873170852661,
        0.9989701509475708
      ],
      "min": [
        0.00098374392837286,
        0.03826093673706055
      ],
      "type": "VEC2"
    },
    {
      "bufferView": 0,
      "byteOffset": 64560,
      "componentType": 5125,
      "count": 334980,
      "type": "SCALAR"
    },
    {
      "bufferView": 2,
      "byteOffset": 1644072,
      "componentType": 5126,
      "count": 65532,
      "max": [
        -2607.4833984375,
        -1363.3782958984375,
        -21109.712890625
      ],
      "min": [
        -2618.06201171875,
        -1376.4141845703125,
        -21120.0625
      ],
      "type": "VEC3"
    },
    {
      "bufferView": 2,
      "byteOffset": 2430456,
      "componentType": 5126,
      "count": 65532,
      "max": [
        0.9999993443489075,
        0.9999596476554871,
        0.9999947547912598
      ],
      "min": [
        -0.9999868869781494,
        -0.999992311000824,
        -0.9999909400939941
      ],
      "type": "VEC3"
    },
    {
      "bufferView": 1,
      "byteOffset": 548024,
      "componentType": 5126,
      "count": 65532,
      "max": [
        0.9984503984451294,
        0.9990158081054688
      ],
      "min": [
        0.022506194189190865,
        0.007004916667938232
      ],
      "type": "VEC2"
    },
    {
      "bufferView": 0,
      "byteOffset": 1404480,
      "componentType": 5125,
      "count": 318315,
      "type": "SCALAR"
    },
    {
      "bufferView": 2,
      "byteOffset": 3216840,
      "componentType": 5126,
      "count": 65532,
      "max": [
        -2608.597412109375,
        -1361.415771484375,
        -21103.1953125
      ],
      "min": [
        -2625.203857421875,
        -1377.2762451171875,
        -21120.400390625
      ],
      "type": "VEC3"
    },
    {
      "bufferView": 2,
      "byteOffset": 4003224,
      "componentType": 5126,
      "count": 65532,
      "max": [
        0.9994045495986938,
        0.8722672462463379,
        0.9999971985816956
      ],
      "min": [
        -0.9999991059303284,
        -0.9999987483024597,
        -0.9999788999557495
      ],
      "type": "VEC3"
    },
    {
      "bufferView": 1,
      "byteOffset": 1072280,
      "componentType": 5126,
      "count": 65532,
      "max": [
        0.9977185726165771,
        0.9990200400352478
      ],
      "min": [
        0.00874241441488266,
        0.13500165939331055
      ],
      "type": "VEC2"
    },
    {
      "bufferView": 0,
      "byteOffset": 2677740,
      "componentType": 5125,
      "count": 321144,
      "type": "SCALAR"
    },
    {
      "bufferView": 2,
      "byteOffset": 4789608,
      "componentType": 5126,
      "count": 65532,
      "max": [
        -2607.51904296875,
        -1360.513427734375,
        -21102.05859375
      ],
      "min": [
        -2620.22509765625,
        -1375.267333984375,
        -21116.193359375
      ],
      "type": "VEC3"
    },
    {
      "bufferView": 2,
      "byteOffset": 5575992,
      "componentType": 5126,
      "count": 65532,
      "max": [
        0.9990771412849426,
        0.9999895095825195,
        0.9999966621398926
      ],
      "min": [
        -0.9999988079071045,
        -0.9999136328697205,
        -0.9224427342414856
      ],
      "type": "VEC3"
    },
    {
      "bufferView": 1,
      "byteOffset": 1596536,
      "componentType": 5126,
      "count": 65532,
      "max": [
        0.956789493560791,
        0.9990059733390808
      ],
      "min": [
        0.005949355661869049,
        0.37637025117874146
      ],
      "type": "VEC2"
    },
    {
      "bufferView": 0,
      "byteOffset": 3962316,
      "componentType": 5125,
      "count": 327966,
      "type": "SCALAR"
    },
    {
      "bufferView": 2,
      "byteOffset": 6362376,
      "componentType": 5126,
      "count": 65532,
      "max": [
        -2599.252197265625,
        -1360.4351806640625,
        -21102.083984375
      ],
      "min": [
        -2618.239990234375,
        -1379.983154296875,
        -21120.259765625
      ],
      "type": "VEC3"
    },
    {
      "bufferView": 2,
      "byteOffset": 7148760,
      "componentType": 5126,
      "count": 65532,
      "max": [
        0.9999993443489075,
        0.9995827674865723,
        0.9999939799308777
      ],
      "min": [
        -0.9999905228614807,
        -0.9999948143959045,
        -0.9999972581863403
      ],
      "type": "VEC3"
    },
    {
      "bufferView": 1,
      "byteOffset": 2120792,
      "componentType": 5126,
      "count": 65532,
      "max": [
        0.9880930185317993,
        0.9990233778953552
      ],
      "min": [
        0.0010199516545981169,
        0.008903741836547852
      ],
      "type": "VEC2"
    },
    {
      "bufferView": 0,
      "byteOffset": 5274180,
      "componentType": 5125,
      "count": 323973,
      "type": "SCALAR"
    },
    {
      "bufferView": 2,
      "byteOffset": 7935144,
      "componentType": 5126,
      "count": 65532,
      "max": [
        -2603.656982421875,
        -1353.346435546875,
        -21102.107421875
      ],
      "min": [
        -2619.057373046875,
        -1370.961669921875,
        -21120.4609375
      ],
      "type": "VEC3"
    },
    {
      "bufferView": 2,
      "byteOffset": 8721528,
      "componentType": 5126,
      "count": 65532,
      "max": [
        0.9999995827674866,
        0.9999258518218994,
        0.9999939203262329
      ],
      "min": [
        -0.9999988079071045,
        -0.9999906420707703,
        -0.9999972581863403
      ],
      "type": "VEC3"
    },
    {
      "bufferView": 1,
      "byteOffset": 2645048,
      "componentType": 5126,
      "count": 65532,
      "max": [
        0.976884126663208,
        0.9990217089653015
      ],
      "min": [
        0.0010303027229383588,
        0.00631403923034668
      ],
      "type": "VEC2"
    },
    {
      "bufferView": 0,
      "byteOffset": 6570072,
      "componentType": 5125,
      "count": 325197,
      "type": "SCALAR"
    },
    {
      "bufferView": 2,
      "byteOffset": 9507912,
      "componentType": 5126,
      "count": 64643,
      "max": [
        -2610.23828125,
        -1360.4517822265625,
        -21102.087890625
      ],
      "min": [
        -2620.330810546875,
        -1376.11572265625,
        -21120.412109375
      ],
      "type": "VEC3"
    },
    {
      "bufferView": 2,
      "byteOffset": 10283628,
      "componentType": 5126,
      "count": 64643,
      "max": [
        0.9997469186782837,
        0.9998645782470703,
        0.9999956488609314
      ],
      "min": [
        -0.9999966621398926,
        -0.9999898672103882,
        -0.9999397397041321
      ],
      "type": "VEC3"
    },
    {
      "bufferView": 1,
      "byteOffset": 3169304,
      "componentType": 5126,
      "count": 64643,
      "max": [
        0.9983757734298706,
        0.9990144371986389
      ],
      "min": [
        0.0010136589407920837,
        0.028577327728271484
      ],
      "type": "VEC2"
    },
    {
      "bufferView": 0,
      "byteOffset": 7870860,
      "componentType": 5125,
      "count": 303369,
      "type": "SCALAR"
    }
  ],
  "asset": {
    "extras": {
      "author": "alexturin (https://sketchfab.com/alexturin)",
      "license": "CC-BY-4.0 (http://creativecommons.org/licenses/by/4.0/)",
      "source": "https://sketchfab.com/3d-models/antique-chair-bf48c54ebd624386891ff1bd1c3e355e",
      "title": "Antique chair"
    },
    "generator": "Sketchfab-12.67.0",
    "version": "2.0"
  },
  "bufferViews": [
    {
      "buffer": 0,
      "byteLength": 9084336,
      "name": "floatBufferViews",
      "target": 34963
    },
    {
      "buffer": 0,
      "byteLength": 3686448,
      "byteOffset": 9084336,
      "byteStride": 8,
      "name": "floatBufferViews",
      "target": 34962
    },
    {
      "buffer": 0,
      "byteLength": 11059344,
      "byteOffset": 12770784,
      "byteStride": 12,
      "name": "floatBufferViews",
      "target": 34962
    }
  ],
  "buffers": [
    {
      "byteLength": 23830128,
      "uri": "scene.bin"
    }
  ],
  "extensionsRequired": [
    "KHR_materials_pbrSpecularGlossiness"
  ],
  "extensionsUsed": [
    "KHR_materials_pbrSpecularGlossiness"
  ],
  "images": [
    {
      "uri": "textures/Material_0_diffuse.jpeg"
    }
  ],
  "materials": [
    {
      "doubleSided": true,
      "extensions": {
        "KHR_materials_pbrSpecularGlossiness": {
          "diffuseFactor": [
            0.5,
            0.5,
            0.5,
            1.0
          ],
          "glossinessFactor": 1.0,
          "specularFactor": [
            0.0,
            0.0,
            0.0
          ]
        }
      },
      "name": "Material_1"
    },
    {
      "doubleSided": true,
      "extensions": {
        "KHR_materials_pbrSpecularGlossiness": {
          "diffuseFactor": [
            1.0,
            1.0,
            1.0,
            1.0
          ],
          "diffuseTexture": {
            "index": 0
          },
          "glossinessFactor": 0.48,
          "specularFactor": [
            0.03,
            0.03,
            0.03
          ]
        }
      },
      "name": "Material_0"
    }
  ],
  "meshes": [
    {
      "name": "mainMeshNode_Material_1_0",
      "primitives": [
        {
          "attributes": {
            "NORMAL": 1,
            "POSITION": 0,
            "TEXCOORD_0": 2
          },
          "indices": 3,
          "material": 0,
          "mode": 4
        }
      ]
    },
    {
      "name": "mainMeshNode_Material_0_0",
      "primitives": [
        {
          "attributes": {
            "NORMAL": 5,
            "POSITION": 4,
            "TEXCOORD_0": 6
          },
          "indices": 7,
          "material": 1,
          "mode": 4
        }
      ]
    },
    {
      "name": "mainMeshNode_Material_0_0",
      "primitives": [
        {
          "attributes": {
            "NORMAL": 9,
            "POSITION": 8,
            "TEXCOORD_0": 10
          },
          "indices": 11,
          "material": 1,
          "mode": 4
        }
      ]
    },
    {
      "name": "mainMeshNode_Material_0_0",
      "primitives": [
        {
          "attributes": {
            "NORMAL": 13,
            "POSITION": 12,
            "TEXCOORD_0": 14
          },
          "indices": 15,
          "material": 1,
          "mode": 4
        }
      ]
    },
    {
      "name": "mainMeshNode_Material_0_0",
      "primitives": [
        {
          "attributes": {
            "NORMAL": 17,
            "POSITION": 16,
            "TEXCOORD_0": 18
          },
          "indices": 19,
          "material": 1,
          "mode": 4
        }
      ]
    },
    {
      "name": "mainMeshNode_Material_0_0",
      "primitives": [
        {
          "attributes": {
            "NORMAL": 21,
            "POSITION": 20,
            "TEXCOORD_0": 22
          },
          "indices": 23,
          "material": 1,
          "mode": 4
        }
      ]
    },
    {
      "name": "mainMeshNode_Material_0_0",
      "primitives": [
        {
          "attributes": {
            "NORMAL": 25,
            "POSITION": 24,
            "TEXCOORD_0": 26
          },
          "indices": 27,
          "material": 1,
          "mode": 4
        }
      ]
    },
    {
      "name": "mainMeshNode_Material_0_0",
      "primitives": [
        {
          "attributes": {
            "NORMAL": 29,
            "POSITION": 28,
            "TEXCOORD_0": 30
          },
          "indices": 31,
          "material": 1,
          "mode": 4
        }
      ]
    }
  ],
  "nodes": [
    {
      "children": [
        1
      ],
      "matrix": [
        0.060833051800727844,
        0.0,
        0.0,
        0.0,
        0.0,
        -0.060833051800727844,
        -1.3507650953476579e-17,
        0.0,
        0.0,
        1.3507650953476579e-17,
        -0.060833051800727844,
        0.0,
        0.0,
        19743.996093750004,
        -22478.468749999996,
        1.0
      ],
      "name": "Sketchfab_model"
    },
    {
      "children": [
        2
      ],
      "matrix": [
        1.0,
        0.0,
        0.0,
        0.0,
        0.0,
        0.0,
        1.0,
        0.0,
        0.0,
        -1.0,
        0.0,
        0.0,
        0.0,
        0.0,
        0.0,
        1.0
      ],
      "name": "e6aac574cdeb421694e196ecff4eee52.fbx"
    },
    {
      "children": [
        3,
        5,
        7,
        9,
        11,
        13,
        15,
        17,
        19,
        21,
        23,
        25,
        27,
        29,
        31,
        33,
        35,
        37,
        39,
        41,
        43,
        45,
        47,
        49,
        51,
        53,
        55,
        57,
        59,
        61,
        63,
        65,
        67,
        69,
        71,
        73,
        75,
        77,
        79,
        81,
        83,
        85,
        87,
        89,
        91,
        93,
        95,
        97,
        99,
        101,
        103,
        105,
        107,
        109,
        111,
        113,
        115,
        117,
        119,
        121,
        123,
        125,
        127,
        129,
        131,
        133,
        135,
        137,
        139,
        141,
        143,
        145,
        147,
        149,
        151,
        153,
        155,
        157,
        159,
        161,
        163,
        165,
        167,
        169,
        171,
        173,
        175,
        177,
        179,
        181,
        183,
        185,
        187,
        189,
        191,
        193,
        195,
        197,
        199,
        201,
        203,
        205,
        207,
        209,
        211,
        213
      ],
      "name": "RootNode"
    },
    {
      "children": [
        4
      ],
      "matrix": [
        -0.0002576758556687153,
        0.8874152789013714,
        -0.46097077605370457,
        0.0,
        -0.0187893998071485,
        0.4608851167608675,
        0.8872608791123435,
        0.0,
        0.9998234304406157,
        0.0088899899169112,
        0.01655524150342369,
        0.0,
        -2613.2109375,
        -1394.1397705078125,
        -21098.404296875,
        1.0
      ],
      "name": "IMG_3489_JPG"
    },
    {
      "name": "Object_4"
    },
    {
      "children": [
        6
      ],
      "matrix": [
        0.20549758551190478,
        0.8503013204915109,
        -0.4845187372219679,
        0.0,
        0.09044909752401781,
        0.47646459218750015,
        0.8745287034447125,
        0.0,
        0.9744689338844355,
        -0.22353781953394875,
        0.021003336214507895,
        0.0,
        -2618.719482421875,
        -1392.3533935546875,
        -21098.56640625,
        1.0
      ],
      "name": "IMG_3490_JPG"
    },
    {
      "name": "Object_6"
    },
    {
      "children": [
        8
      ],
      "matrix": [
        0.47668639400713464,
        0.7363853467853976,
        -0.480111135892748,
        0.0,
        0.23476618817743006,
        0.419678581916891,
        0.8767865902081687,
        0.0,
        0.8471451579612047,
        -0.5306660992752198,
        0.027176688961467854,
        0.0,
        -2624.660400390625,
        -1390.38671875,
        -21098.62109375,
        1.0
      ],
      "name": "IMG_3491_JPG"
    },
    {
      "name": "Object_8"
    },
    {
      "children": [
        10
      ],
      "matrix": [
        0.6519195463294096,
        0.5734260256243754,
        -0.496168820312492,
        0.0,
        0.3604625908540926,
        0.34132147487027686,
        0.8680820072937431,
        0.0,
        0.6671338888921862,
        -0.7447699268425197,
        0.01581551019018823,
        0.0,
        -2629.72314453125,
        -1385.681884765625,
        -21098.412109375,
        1.0
      ],
      "name": "IMG_3492_JPG"
    },
    {
      "name": "Object_10"
    },
    {
      "children": [
        12
      ],
      "matrix": [
        0.770208336383922,
        0.40106819486915546,
        -0.49590666624790225,
        0.0,
        0.4309512237770864,
        0.24592502497640656,
        0.8682176713332811,
        0.0,
        0.47017035347812264,
        -0.882420072955478,
        0.01657267496532311,
        0.0,
        -2634.21435546875,
        -1381.7197265625,
        -21098.45703125,
        1.0
      ],
      "name": "IMG_3493_JPG"
    },
    {
      "name": "Object_12"
    },
    {
      "children": [
        14
      ],
      "matrix": [
        0.8477605796469302,
        0.205801126799826,
        -0.48882296980054335,
        0.0,
        0.4696821252290543,
        0.136822133550357,
        0.8721687938759602,
        0.0,
        0.24637512219584995,
        -0.968981733562945,
        0.019331300637303928,
        0.0,
        -2637.903076171875,
        -1375.87890625,
        -21098.271484375,
        1.0
      ],
      "name": "IMG_3494_JPG"
    },
    {
      "name": "Object_14"
    },
    {
      "children": [
        16
      ],
      "matrix": [
        0.8794217373421014,
        0.048571801155499195,
        -0.473559064977866,
        0.0,
        0.4702280437592189,
        0.06638414781807755,
        0.8800447328294431,
        0.0,
        0.0741821727410174,
        -0.9966112206126211,
        0.035539839566936404,
        0.0,
        -2638.8427734375,
        -1371.0814208984375,
        -21098.232421875,
        1.0
      ],
      "name": "IMG_3495_JPG"
    },
    {
      "name": "Object_16"
    },
    {
      "children": [
        18
      ],
      "matrix": [
        0.8743517391936775,
        -0.11838342297057217,
        -0.470631917037893,
        0.0,
        0.4700738322242548,
        -0.0343605522326389,
        0.8819580175429391,
        0.0,
        -0.12058038160080056,
        -0.9923732753435266,
        0.025605740703338764,
        0.0,
        -2637.741943359375,
        -1365.9169921875,
        -21099.1484375,
        1.0
      ],
      "name": "IMG_3496_JPG"
    },
    {
      "name": "Object_18"
    },
    {
      "children": [
        20
      ],
      "matrix": [
        0.8247814402356235,
        -0.36214067697999885,
        -0.4342691629845698,
        0.0,
        0.3984512734073542,
        -0.17271274764758138,
        0.9007812661906779,
        0.0,
        -0.401213357906873,
        -0.9159827710587635,
        0.0018451451434579047,
        0.0,
        -2639.111083984375,
        -1359.08544921875,
        -21098.37109375,
        1.0
      ],
      "name": "IMG_3497_JPG"
    },
    {
      "name": "Object_20"
    },
    {
      "children": [
        22
      ],
      "matrix": [
        0.750291052658729,
        -0.5069956033441276,
        -0.4242862176526365,
        0.0,
        0.3551363300046311,
        -0.23222998620074464,
        0.9055094812424904,
        0.0,
        -0.5576213082470022,
        -0.8300751120825911,
        0.00581247709463828,
        0.0,
        -2634.55029296875,
        -1354.8143310546875,
        -21100.6484375,
        1.0
      ],
      "name": "IMG_3498_JPG"
    },
    {
      "name": "Object_22"
    },
    {
      "children": [
        24
      ],
      "matrix": [
        0.580061712880461,
        -0.6672794459926219,
        -0.46719005790573653,
        0.0,
        0.30070733140808054,
        -0.35761382832136324,
        0.8841309012984275,
        0.0,
        -0.7570360031647217,
        -0.6533379605909324,
        -0.006782268297925498,
        0.0,
        -2629.96533203125,
        -1350.8643798828125,
        -21100.453125,
        1.0
      ],
      "name": "IMG_3499_JPG"
    },
    {
      "name": "Object_24"
    },
    {
      "children": [
        26
      ],
      "matrix": [
        0.3576649434242154,
        -0.8003990304410307,
        -0.481079182998403,
        0.0,
        0.17355888974890982,
        -0.44920767080381285,
        0.87640731414117,
        0.0,
        -0.9175800237769339,
        -0.39695574131138567,
        -0.021749469084320294,
        0.0,
        -2624.254638671875,
        -1348.4346923828125,
        -21100.32421875,
        1.0
      ],
      "name": "IMG_3500_JPG"
    },
    {
      "name": "Object_26"
    },
    {
      "children": [
        28
      ],
      "matrix": [
        0.22221779591509194,
        -0.849867302913805,
        -0.4778543906010002,
        0.0,
        0.07877262534902008,
        -0.47285691375823036,
        0.87761108277338,
        0.0,
        -0.9718097162892854,
        -0.23266264536675474,
        -0.03813094250975535,
        0.0,
        -2621.476318359375,
        -1347.3138427734375,
        -21100.412109375,
        1.0
      ],
      "name": "IMG_3501_JPG"
    },
    {
      "name": "Object_28"
    },
    {
      "children": [
        30
      ],
      "matrix": [
        0.1272298715615936,
        -0.8898019515116287,
        -0.43825226396279765,
        0.0,
        0.03163960982440289,
        -0.43797731859228306,
        0.8984290753803961,
        0.0,
        -0.9913684960056881,
        -0.12817314650429323,
        -0.027570811424567188,
        0.0,
        -2618.388671875,
        -1345.5479736328125,
        -21100.537109375,
        1.0
      ],
      "name": "IMG_3502_JPG"
    },
    {
      "name": "Object_30"
    },
    {
      "children": [
        32
      ],
      "matrix": [
        -0.09737953119388854,
        -0.8999773017002964,
        -0.42492126721160034,
        0.0,
        -0.07843477810266775,
        -0.41868270273786634,
        0.9047390673625744,
        0.0,
        -0.9921518091947643,
        0.12143167153740952,
        -0.029818394644697044,
        0.0,
        -2612.897705078125,
        -1344.6707763671875,
        -21100.310546875,
        1.0
      ],
      "name": "IMG_3503_JPG"
    },
    {
      "name": "Object_32"
    },
    {
      "children": [
        34
      ],
      "matrix": [
        -0.257932729507367,
        -0.8670937289565763,
        -0.42616800942006294,
        0.0,
        -0.17416052884845268,
        -0.39214036606662095,
        0.9032685334341963,
        0.0,
        -0.9503361601244619,
        0.30720416420568925,
        -0.0498676674266727,
        0.0,
        -2608.561767578125,
        -1344.9232177734375,
        -21100.21484375,
        1.0
      ],
      "name": "IMG_3504_JPG"
    },
    {
      "name": "Object_34"
    },
    {
      "children": [
        36
      ],
      "matrix": [
        -0.4139827430818297,
        -0.8029755110926655,
        -0.4287757187807123,
        0.0,
        -0.2356215251127653,
        -0.3604568576057603,
        0.9025260941981208,
        0.0,
        -0.87926149997255,
        0.4746590169695013,
        -0.039975395877567044,
        0.0,
        -2604.57861328125,
        -1346.0731201171875,
        -21100.314453125,
        1.0
      ],
      "name": "IMG_3505_JPG"
    },
    {
      "name": "Object_36"
    },
    {
      "children": [
        38
      ],
      "matrix": [
        -0.5573944656070613,
        -0.6801069710037163,
        -0.47619945159855925,
        0.0,
        -0.3490469515023874,
        -0.32845369160539506,
        0.8776584746458488,
        0.0,
        -0.7533111145851417,
        0.6554179433483173,
        -0.05431099501531378,
        0.0,
        -2601.718505859375,
        -1350.4703369140625,
        -21100.25390625,
        1.0
      ],
      "name": "IMG_3506_JPG"
    },
    {
      "name": "Object_38"
    },
    {
      "children": [
        40
      ],
      "matrix": [
        -0.6530394552326286,
        -0.6047931184909041,
        -0.45581219129759876,
        0.0,
        -0.3996061865892919,
        -0.23608647713746866,
        0.8857641169929968,
        0.0,
        -0.6433151370432966,
        0.7605842879910594,
        -0.08750528733795293,
        0.0,
        -2598.69384765625,
        -1352.45068359375,
        -21100.193359375,
        1.0
      ],
      "name": "IMG_3507_JPG"
    },
    {
      "name": "Object_40"
    },
    {
      "children": [
        42
      ],
      "matrix": [
        -0.6433741541371423,
        -0.6057995783435217,
        -0.46805615973633724,
        0.0,
        -0.4119320569824679,
        -0.2413922884540125,
        0.8786590598776793,
        0.0,
        -0.6452764355053647,
        0.7581138660872428,
        -0.09424270702682902,
        0.0,
        -2597.682861328125,
        -1351.4263916015625,
        -21099.908203125,
        1.0
      ],
      "name": "IMG_3508_JPG"
    },
    {
      "name": "Object_42"
    },
    {
      "children": [
        44
      ],
      "matrix": [
        -0.7925236253787518,
        -0.4126512285865299,
        -0.4490270223077307,
        0.0,
        -0.4101443014865285,
        -0.18424559284494046,
        0.8932162187708774,
        0.0,
        -0.4513180199977035,
        0.8920608303603761,
        -0.023227564704650483,
        0.0,
        -2591.895751953125,
        -1355.139404296875,
        -21100.166015625,
        1.0
      ],
      "name": "IMG_3509_JPG"
    },
    {
      "name": "Object_44"
    },
    {
      "children": [
        46
      ],
      "matrix": [
        -0.8554303603378524,
        -0.2356462245961533,
        -0.46120467847348584,
        0.0,
        -0.4512914527770185,
        -0.09778082655897657,
        0.8870033453194253,
        0.0,
        -0.25411596420268506,
        0.9669073206833334,
        -0.022700439341939438,
        0.0,
        -2590.566650390625,
        -1360.158203125,
        -21100.1484375,
        1.0
      ],
      "name": "IMG_3510_JPG"
    },
    {
      "name": "Object_46"
    },
    {
      "children": [
        48
      ],
      "matrix": [
        -0.8873905190520428,
        -0.10735122155305046,
        -0.44834560545143554,
        0.0,
        -0.444831014594277,
        -0.05606370833205854,
        0.8938580586777098,
        0.0,
        -0.12109267175007987,
        0.9926391972107116,
        0.0019972504353892306,
        0.0,
        -2589.85791015625,
        -1364.5562744140625,
        -21099.994140625,
        1.0
      ],
      "name": "IMG_3511_JPG"
    },
    {
      "name": "Object_48"
    },
    {
      "children": [
        50
      ],
      "matrix": [
        -0.899117084088517,
        0.1796722005481577,
        -0.39913202007649706,
        0.0,
        -0.4012780863203962,
        0.02585706785381603,
        0.9155912349302191,
        0.0,
        0.17482667570826638,
        0.9833866545729537,
        0.048849985349137204,
        0.0,
        -2588.92138671875,
        -1369.343994140625,
        -21100.0390625,
        1.0
      ],
      "name": "IMG_3512_JPG"
    },
    {
      "name": "Object_50"
    },
    {
      "children": [
        52
      ],
      "matrix": [
        -0.8798733502342482,
        0.17731412646873063,
        -0.4408884077657191,
        0.0,
        -0.41788507577048734,
        0.1530439553912576,
        0.8955163935777462,
        0.0,
        0.2262630128762853,
        0.9721816950924502,
        -0.06056237058864333,
        0.0,
        -2587.589599609375,
        -1376.1031494140625,
        -21098.4453125,
        1.0
      ],
      "name": "IMG_3513_JPG"
    },
    {
      "name": "Object_52"
    },
    {
      "children": [
        54
      ],
      "matrix": [
        -0.8042784917374504,
        0.33645037127967664,
        -0.4898339059255696,
        0.0,
        -0.3990584622074483,
        0.304988014933941,
        0.864716516835015,
        0.0,
        0.4403276637563878,
        0.8909452611762532,
        -0.11103193287707636,
        0.0,
        -2590.79345703125,
        -1379.4927978515625,
        -21098.609375,
        1.0
      ],
      "name": "IMG_3514_JPG"
    },
    {
      "name": "Object_54"
    },
    {
      "children": [
        56
      ],
      "matrix": [
        -0.7135817161735898,
        0.554558525866154,
        -0.42809575533040856,
        0.0,
        -0.2992526148789828,
        0.3112316000260097,
        0.9019882281013102,
        0.0,
        0.633442189020313,
        0.771751081978126,
        -0.05613609030513178,
        0.0,
        -2591.478515625,
        -1385.809326171875,
        -21097.9296875,
        1.0
      ],
      "name": "IMG_3515_JPG"
    },
    {
      "name": "Object_56"
    },
    {
      "children": [
        58
      ],
      "matrix": [
        -0.6201983543608547,
        0.6315195714696626,
        -0.4653353974273412,
        0.0,
        -0.32519957012327416,
        0.3328413895654616,
        0.8851338028703742,
        0.0,
        0.7138622001757241,
        0.7002853991358854,
        -0.0010577889053109413,
        0.0,
        -2595.209228515625,
        -1387.341796875,
        -21097.693359375,
        1.0
      ],
      "name": "IMG_3516_JPG"
    },
    {
      "name": "Object_58"
    },
    {
      "children": [
        60
      ],
      "matrix": [
        -0.42351276358739276,
        0.7769964080908938,
        -0.4657397566156647,
        0.0,
        -0.22882519892117043,
        0.4056948393013713,
        0.8849015344674916,
        0.0,
        0.8765135295118132,
        0.4813400868181287,
        0.005979415076766692,
        0.0,
        -2599.364990234375,
        -1392.728515625,
        -21097.28125,
        1.0
      ],
      "name": "IMG_3517_JPG"
    },
    {
      "name": "Object_60"
    },
    {
      "children": [
        62
      ],
      "matrix": [
        -0.281515531535927,
        0.8429157520677871,
        -0.45852158119334074,
        0.0,
        -0.1576458761612224,
        0.43072611296328,
        0.8886072210717761,
        0.0,
        0.9465182424197671,
        0.3224407705727373,
        0.011626101627560503,
        0.0,
        -2603.855712890625,
        -1394.3399658203125,
        -21097.376953125,
        1.0
      ],
      "name": "IMG_3518_JPG"
    },
    {
      "name": "Object_62"
    },
    {
      "children": [
        64
      ],
      "matrix": [
        -0.14630738014556344,
        0.8652858556106839,
        -0.4794523319319955,
        0.0,
        -0.0643461498100874,
        0.4753170923955212,
        0.8774583948434737,
        0.0,
        0.987144226301081,
        0.1592295505135718,
        -0.013864585233120952,
        0.0,
        -2609.09423828125,
        -1394.9005126953125,
        -21097.384765625,
        1.0
      ],
      "name": "IMG_3519_JPG"
    },
    {
      "name": "Object_64"
    },
    {
      "children": [
        66
      ],
      "matrix": [
        -0.00013142520753173237,
        0.876241264191008,
        -0.481872628042265,
        0.0,
        -0.00630842839468404,
        0.4818623172620682,
        0.8762242355322176,
        0.0,
        0.9999800930311584,
        0.0031550169213618307,
        0.005464376416568495,
        0.0,
        -2612.885986328125,
        -1395.1412353515625,
        -21097.208984375,
        1.0
      ],
      "name": "IMG_3520_JPG"
    },
    {
      "name": "Object_66"
    },
    {
      "children": [
        68
      ],
      "matrix": [
        0.1478523840086946,
        0.8601995817955831,
        -0.48805363641883626,
        0.0,
        0.05484065687402051,
        0.48558733977317103,
        0.8724662960857805,
        0.0,
        0.9874878099989749,
        -0.15576140385448162,
        0.024621335721475734,
        0.0,
        -2617.59814453125,
        -1393.9576416015625,
        -21097.287109375,
        1.0
      ],
      "name": "IMG_3521_JPG"
    },
    {
      "name": "Object_68"
    },
    {
      "children": [
        70
      ],
      "matrix": [
        0.2797068067326105,
        0.8336292754287224,
        -0.4762628826768146,
        0.0,
        0.11934054461655808,
        0.4620270693747688,
        0.8787996481426161,
        0.0,
        0.9526394578632934,
        -0.3026437151390158,
        0.02974634446087232,
        0.0,
        -2622.236328125,
        -1392.2864990234375,
        -21097.318359375,
        1.0
      ],
      "name": "IMG_3522_JPG"
    },
    {
      "name": "Object_70"
    },
    {
      "children": [
        72
      ],
      "matrix": [
        0.43707547498525257,
        0.846554398040684,
        -0.3038267274687844,
        0.0,
        0.15151064412297233,
        0.2636752208159612,
        0.9526383902851576,
        0.0,
        0.8865717984934203,
        -0.4624078601036421,
        -0.01301602975230165,
        0.0,
        -2624.259521484375,
        -1394.8494873046875,
        -21105.912109375,
        1.0
      ],
      "name": "IMG_3523_JPG"
    },
    {
      "name": "Object_72"
    },
    {
      "children": [
        74
      ],
      "matrix": [
        0.6923561556588735,
        0.6559277995287389,
        -0.3006687139139223,
        0.0,
        0.2936398124184229,
        0.12449945935531204,
        0.9477739947809859,
        0.0,
        0.659104403174595,
        -0.7444854642137894,
        -0.10640854895279572,
        0.0,
        -2629.73095703125,
        -1389.3333740234375,
        -21105.947265625,
        1.0
      ],
      "name": "IMG_3524_JPG"
    },
    {
      "name": "Object_74"
    },
    {
      "children": [
        76
      ],
      "matrix": [
        0.8539605943397293,
        0.4417394168672776,
        -0.2749865285803904,
        0.0,
        0.30105860196432477,
        0.01158414447117262,
        0.9535352776799385,
        0.0,
        0.4243996011994151,
        -0.8970686123048942,
        -0.1230970483770788,
        0.0,
        -2634.98291015625,
        -1382.492431640625,
        -21105.923828125,
        1.0
      ],
      "name": "IMG_3525_JPG"
    },
    {
      "name": "Object_76"
    },
    {
      "children": [
        78
      ],
      "matrix": [
        0.959868237777706,
        0.09380960316891572,
        -0.26429665994637885,
        0.0,
        0.27424742699978694,
        -0.11684504554188324,
        0.9545342236485352,
        0.0,
        0.05866272146361591,
        -0.9887097621069623,
        -0.13788289025428946,
        0.0,
        -2640.237548828125,
        -1374.166015625,
        -21105.396484375,
        1.0
      ],
      "name": "IMG_3526_JPG"
    },
    {
      "name": "Object_78"
    },
    {
      "children": [
        80
      ],
      "matrix": [
        0.9544354860016684,
        -0.139703700363418,
        -0.2636963768532426,
        0.0,
        0.23552170564582064,
        -0.18999572773378604,
        0.9531165456609135,
        0.0,
        -0.1832550933274228,
        -0.9717944739232042,
        -0.14843541094321178,
        0.0,
        -2640.766845703125,
        -1366.866455078125,
        -21104.9765625,
        1.0
      ],
      "name": "IMG_3527_JPG"
    },
    {
      "name": "Object_80"
    },
    {
      "children": [
        82
      ],
      "matrix": [
        0.8145379750813947,
        -0.5199612689070436,
        -0.2572317359636604,
        0.0,
        0.1956449103988205,
        -0.17121665152087506,
        0.9656127211656942,
        0.0,
        -0.5461235722666975,
        -0.8368543105454833,
        -0.03773468876385477,
        0.0,
        -2636.4228515625,
        -1357.159423828125,
        -21104.935546875,
        1.0
      ],
      "name": "IMG_3528_JPG"
    },
    {
      "name": "Object_82"
    },
    {
      "children": [
        84
      ],
      "matrix": [
        0.696526157990645,
        -0.6617924858053961,
        -0.2772760663423834,
        0.0,
        0.18592624765995105,
        -0.20676899070910237,
        0.9605613020063994,
        0.0,
        -0.6930243442086876,
        -0.7206089717819599,
        -0.02097541707486572,
        0.0,
        -2632.674072265625,
        -1352.65625,
        -21104.380859375,
        1.0
      ],
      "name": "IMG_3529_JPG"
    },
    {
      "name": "Object_84"
    },
    {
      "children": [
        86
      ],
      "matrix": [
        0.4912985351473289,
        -0.8256243314763135,
        -0.27743506021478104,
        0.0,
        0.13952379060465347,
        -0.23981288047092764,
        0.9607408049081424,
        0.0,
        -0.8597434857080324,
        -0.5107193413554326,
        -0.002625480541820213,
        0.0,
        -2626.777099609375,
        -1349.30908203125,
        -21103.939453125,
        1.0
      ],
      "name": "IMG_3530_JPG"
    },
    {
      "name": "Object_86"
    },
    {
      "children": [
        88
      ],
      "matrix": [
        0.2583864199299871,
        -0.9057365073887096,
        -0.3359729709054981,
        0.0,
        0.06264397135265665,
        -0.33134174435846786,
        0.941428904006381,
        0.0,
        -0.9640083977066445,
        -0.26429912528949134,
        -0.02887527527622802,
        0.0,
        -2620.810546875,
        -1346.49853515625,
        -21103.51953125,
        1.0
      ],
      "name": "IMG_3531_JPG"
    },
    {
      "name": "Object_88"
    },
    {
      "children": [
        90
      ],
      "matrix": [
        -0.0080802427951423,
        -0.9484616175882737,
        -0.3167889986066537,
        0.0,
        -0.03984595068557084,
        -0.3162423419399478,
        0.947841274358898,
        0.0,
        -0.9991731631155505,
        0.020281546444289256,
        -0.03523703993659977,
        0.0,
        -2614.63330078125,
        -1343.5291748046875,
        -21102.904296875,
        1.0
      ],
      "name": "IMG_3532_JPG"
    },
    {
      "name": "Object_90"
    },
    {
      "children": [
        92
      ],
      "matrix": [
        -0.3888667562553305,
        -0.8726865271787452,
        -0.29529793626125933,
        0.0,
        -0.22273009178648523,
        -0.22196577201090162,
        0.9492747243387387,
        0.0,
        -0.893965296917191,
        0.43491311929660825,
        -0.10805844053776137,
        0.0,
        -2607.00439453125,
        -1343.4423828125,
        -21101.966796875,
        1.0
      ],
      "name": "IMG_3533_JPG"
    },
    {
      "name": "Object_92"
    },
    {
      "children": [
        94
      ],
      "matrix": [
        -0.426410234854363,
        -0.8273429522018344,
        -0.36561995439718625,
        0.0,
